0.1	1.8398268765483468	3.097453684588985	3.3384819166523645	3.578450611392969
0.11	2.24556037343309	4.016777350339538	4.38203270321945	4.75430704968585
0.12000000000000001	1.701823390922137	2.2741467523660686	2.358258079487722	2.4359044089078536
0.13	1.4589121793773323	1.6995429921520213	1.7293097808277333	1.755762094259169
0.14	1.688987151018837	1.958151406781396	1.9902268263725713	2.018456290854674
0.15000000000000002	2.5501903038153384	3.4082625215388807	3.5283317077743246	3.63731038604386
0.16	4.117350708670856	7.697018767979579	8.438799310350515	9.190364676834156
0.16999999999999998	4.991782713557112	11.185484185724626	12.783137676364866	14.543391949890575
0.18	4.273016994549982	7.286633312025226	7.8443760407105	8.388919310152662
0.19	3.464947416406466	4.7044302406573335	4.879935074845741	5.039616541082844
0.2	3.3266474096603	4.132137416979167	4.227598976494367	4.310658422156954
0.21000000000000002	4.219558200289345	6.135209314599805	6.3885137060821915	6.604222679656391
0.22000000000000003	6.054297095985355	17.50173961552193	21.634751621940307	26.769177630392534
0.23	6.385100780203811	14.962462857132472	17.21692068373802	19.634631171449932
0.24	5.897548251383442	10.41712710105777	11.266234440062144	12.096709389682944
0.25	5.668092246850656	11.002568408986434	12.459543030259434	14.139047052236073
0.26	5.353151813647696	9.01780888204707	9.805357733291647	10.619695662864432
0.27	5.375002728410474	8.111611987408448	8.485934019337046	8.804442011570599
0.28	6.094506468083904	22.61818308163058	35.50938689301408	58.39027424062545
0.29000000000000004	6.375987559770077	12.242734086533826	13.318012519595701	14.169667478393047
0.30000000000000004	6.641868970444076	10.898779903321229	11.604981260441418	12.265133005232368
0.31000000000000005	7.322590026126573	15.174714880112138	17.22287578541554	19.479359838257167
0.32	7.796889467830793	18.481007225927936	21.883487219509252	25.998935474980176
0.32999999999999996	7.7671218975271294	15.656368383241285	17.475745665153223	19.353825285766003
0.34	7.639761630003135	19.878002997817912	38.39927363150853	217.21750055980155
0.35	7.7020735494230115	12.39890146933776	13.095090311827992	13.687734948467408
0.36	8.190209681790622	13.949830542949162	15.009229082371986	16.03611198512307
0.37	9.042612290968446	18.8949570699582	21.471989419634912	24.328944202524806
0.38	9.84389647017239	23.812987643317225	28.144028842180983	33.331695298442575
0.39	10.30670220309578	25.27739165533568	29.842290514820593	35.040828224921896
0.4	10.419557836588842	23.27238093351155	26.96635247777744	31.07249951893113
0.41000000000000003	10.506490218297849	20.04034323184358	21.91941824355089	23.756360759879648
0.42000000000000004	10.812655766138418	21.80036975475494	24.274494105246436	26.812182840221997
0.43000000000000005	11.26454389378478	26.90401673380897	32.15830323114548	38.819828773832036
0.44000000000000006	11.645901050809709	27.75155185390179	32.76567858054361	38.83247875233872
0.44999999999999996	11.955375946830745	27.365953251165863	32.099967531280186	47.52709691837525
0.45999999999999996	12.323089182598315	30.215604108420447	36.02290124883733	43.23360099526901
0.4700000000000001	12.647710029111915	30.894490461523933	36.80573756210251	44.20370150265502
0.48	12.987187493344113	31.213995998707944	35.94088208670868	40.729818962244394
0.49	13.243059261086765	39.844916503469676	54.81561476393549	82.57537592349364
0.5	13.294950486088451	32.384033173540665	38.51350892798637	45.621691058681904
0.51	13.397520598755955	27.82594742719556	30.818793810512076	33.69827237608093
0.52	13.730300793378152	31.351685711776568	36.22102822663039	41.73949967691896
0.53	14.181710185835358	37.513840606516354	46.01295828233438	57.153675495329594
0.54	14.54591234055425	40.01074822187404	48.9996847081409	60.438136199867586
0.55	14.748906586094343	47.09396063749883	71.32353385313851	133.44467241900477
0.5599999999999999	14.786548709207532	36.372383607556436	42.94951566380424	49.315125047755245
0.5700000000000001	14.887767400448928	30.818784977835264	34.02225306598576	37.07981112301846
0.5800000000000001	15.237528219933354	33.763237414083896	38.670621224221634	44.20731010591294
0.59	15.782413063668445	39.71413591465135	47.61446589436292	57.577259799186564
0.6	16.332138398595042	45.406782313578276	55.5500089978967	68.03635974259983
0.61	16.71609105426798	52.73220434803536	75.86092243406252	130.28545796016718
0.62	16.904877621196082	46.04003389443802	55.73001334978369	66.58879170871472
0.63	16.99917423991702	40.703252825898204	46.787820099242204	53.21414258226187
0.64	17.179159092404984	41.247624777573066	48.45954299959477	57.203414161668896
0.65	17.51479437923829	43.32487369152518	51.63249829720102	62.18441194953492
0.6599999999999999	18.004534021468743	46.16124704123761	54.56653072734978	64.19481713031689
0.67	18.5685427028485	53.614684315710385	71.02560758073092	304.43121403384094
0.68	19.049056412755533	58.55579665921228	74.7803473243578	97.64366711421235
0.69	19.346973799289614	59.26370245334032	74.70600170737458	94.81811317867307
0.7	19.450970516441632	57.32298667320498	72.80760984356132	95.40335796766072
0.71	19.500196665072114	51.67216916498871	62.59685013809431	76.8059687875449
0.72	19.6377115992705	48.07466975830534	55.54897282154998	63.405284613343746
0.73	19.984548467505753	51.334510446777095	61.25143183305488	74.23181964790409
0.74	20.47525894269696	59.38294111822859	73.8144995490095	93.03755831811726
0.75	20.95650440453651	69.60409046611186	90.95045291864773	120.40885056177268
0.76	21.264224846145673	77.25743178919282	112.5254378297833	188.93055030740243
0.77	21.37737868221803	65.49714100194481	83.52207695580975	107.16650871733026
0.78	21.42066465042647	54.65947857338023	63.26099914769851	72.00426745409271
0.79	21.566362330700798	53.641574497140404	62.338985741124056	72.00525134437436
0.7999999999999999	21.89163913391604	58.77870927225003	71.06411708889058	86.87020893980723
0.8099999999999999	22.3253912022588	67.50620002295173	84.50439875794376	106.05131086458624
0.82	22.74539588815292	81.4571285670761	118.57928630231615	192.82381538895868
0.83	23.02384645148419	80.07577174018849	110.43486313600397	156.24403145033244
0.8400000000000001	23.1879544316407	68.31858129696924	83.72303438817491	102.84901404724695
0.85	23.33600652807405	63.026941367982765	75.08139316977122	89.12456730425059
0.86	23.578794825185827	63.299080656309386	76.15868960247177	92.58954894558863
0.87	23.941032164995626	67.27491066069048	81.55359142195599	98.85772192125773
0.88	24.376894787699587	77.20805654042178	101.50344868568071	136.20355359676387
0.8900000000000001	24.77241284046019	85.98215602558696	116.99386022088856	162.62769864161078
0.9	25.068838895117043	87.04179284641218	116.82713706964641	163.05536681974874
0.91	25.24144806650806	82.09514774483381	106.58879241342942	141.32151857816822
0.9199999999999999	25.411608262810432	75.13448416448816	93.14482017866975	116.7272432502901
0.93	25.636756121352242	71.48793687016808	85.54038730806415	101.64187823428132
0.9400000000000001	25.980027126609798	75.05945062089921	92.72932390292034	116.53914189687411
0.95	26.391111627666163	84.14746743079426	107.51411150114158	138.56622731893265
0.9600000000000001	26.791584104661833	96.0398662835469	129.51477439725886	178.4707279185057
0.97	27.073896845921933	103.29961889930904	148.41728324674378	232.20221631928928
0.98	27.257623441454598	95.30527947335108	128.61656174145836	180.06294249653007
0.9900000000000001	27.398260551605883	83.17954965670994	102.05413040783395	123.614630848512
1.0	27.590502876222118	78.79197693185198	95.25366891341584	122.38834615234191
