0.3933870315630128 
1.2658259680626185 
2.3024811489380683 
4.1140135670344025 
10.181165831060106 
15.008214948920955 
15.008214948920545 
15.234553748608056 
15.460326420105492 
15.878778046768947 
16.451335031260825 
17.67876208004859 
1.7876781055813489 
2.35420159977974 
7.682962156168912 
7.854475196871801 
9.228348855430026 
10.49708838513792 
10.904869877610944 
11.930226940855057 
12.225310008272173 
12.399942913380954 
13.058873432161338 
15.217072654695595 
15.865127144567591 
16.306225879966448 
