0.1	2.2038353693792363	2.8241627235423006	2.9173822298016034	3.0046901682607223
0.11	2.869844454209324	4.020835356989229	4.211332662869989	4.394322727881081
0.12000000000000001	2.0100341774139663	1.986139602092488	2.3872495397338196	2.429191809036928
0.13	1.5905574245516079	1.7140522955188253	1.7296997630718183	1.743787397218218
0.14	1.8256399746909682	1.9405959691803583	1.954701427377329	1.967317475482062
0.15000000000000002	2.9681849297004224	3.336117915702193	3.3833119361539263	3.425865056731172
0.16	5.710427488869364	7.682352702555417	7.990084638882754	8.280528896477147
0.16999999999999998	7.778579008267036	12.142728641254914	12.954963127110142	13.760966500565207
0.18	5.80796658402603	7.799624052871706	8.110204969203558	8.287367402269675
0.19	4.052963375381393	4.777118615711744	4.874990703648075	4.9642005304414525
0.2	3.982981564067236	4.404540882267762	4.456186139645007	4.5022489527676415
0.21000000000000002	5.712735025346842	6.7723457157673685	6.90149345620474	7.01512124921089
0.22000000000000003	10.992188999119913	20.877718173143997	23.105185683676346	25.43370858814531
0.23	10.348681821835296	16.587954062229972	17.73893758145774	18.86758046903008
0.24	8.41209076657787	11.2161735644204	11.638405128432373	12.032293259927997
0.25	8.179795147683127	12.311773774275371	13.138978952526557	13.98218067304258
0.26	7.1675098868305716	9.800263201162545	10.25783474063128	10.70268096081953
0.27	7.32813403814398	8.952953129602886	9.149693841960062	9.3218461366569
0.28	11.508337167455721	40.477204722818094	54.03217834500398	72.19241809608121
0.29000000000000004	9.611230063539717	13.434991408301595	13.910890638641346	14.302384132262974
0.30000000000000004	9.136685951596993	11.515114386628262	11.018059744190548	12.133717869307699
0.31000000000000005	11.055892990244647	16.720601465150008	17.76502596447439	18.794869730431653
0.32	12.40696102461551	21.57743401043656	23.612045833475804	25.745917062913332
0.32999999999999996	11.510616444642976	17.89790860091535	18.96216098300864	19.99528209221441
0.34	10.8405760131851	40.598553925292414	75.72981196585735	173.52901474625222
0.35	10.576397181076638	13.28916653944186	13.6196098538914	13.906446929651642
0.36	11.189824214180005	14.572973589790896	15.07238056638106	15.810321395394551
0.37	13.716327136288005	20.730629554360515	22.025046445546913	23.303958442087517
0.38	15.971116535732454	27.40219787860195	29.84942448589979	32.390474051992136
0.39	16.79756755689499	29.747979861471674	32.429037901343776	35.12337582685211
0.4	16.33161238121918	27.365731737827858	29.60885476764444	31.852172257628595
0.41000000000000003	15.865933342887939	22.56281413828246	23.62743030239364	24.631300148486115
0.42000000000000004	16.59873967879932	24.395811708523727	25.704229025939426	26.955248720169646
0.43000000000000005	18.0969926184	30.85788870327955	33.70161484065851	36.702386250289216
0.44000000000000006	18.788961711843857	31.802197041214736	34.64072063763228	37.56751643908667
0.44999999999999996	19.268280342106756	32.19011314551122	37.32419738689941	48.91626348575904
0.45999999999999996	20.411259362325907	35.95663736278238	39.43747673295	43.111379641979944
0.4700000000000001	21.18188788495122	37.78686099200141	41.66362504173505	45.84243874678962
0.48	22.192009843295118	38.159713217728445	41.12056210730988	43.92298671832917
0.49	23.314869212206105	53.79301831018593	64.63869190694658	78.73226532750287
0.5	21.889040214897367	37.87913455754845	41.162892322096766	44.63704488336244
0.51	20.981411328444146	30.856392089309626	32.37727703671235	33.780679491626174
0.52	22.129779998461032	35.84080337926864	38.49107589994256	41.14167656804842
0.53	24.117215891581036	45.7507456181736	51.075357534557575	56.89291593515085
0.54	25.581599418409393	50.38998531895281	56.32823803323722	62.7613419258868
0.55	26.372625703373625	77.49558136367642	108.68669500977617	165.45474324105433
0.5599999999999999	24.659445600857392	43.27647246693861	46.67498132193498	49.66298912750404
0.5700000000000001	23.431091838723535	34.26968874788039	35.88438592681955	37.36442000900773
0.5800000000000001	24.313452075905246	38.269800521145676	40.90031930083513	43.523840733814126
0.59	26.3863901895597	47.024013111868065	51.71827758693236	56.732964957012115
0.6	28.616461053804404	55.67175105843919	61.910117044689365	68.48622531188467
0.61	30.093464058504814	80.69987430433396	112.35193242105413	164.93962127879223
0.62	29.47136361951134	56.83244077625747	62.79051218927467	68.77450246416278
0.63	28.380311157261875	47.12720669033469	50.52521458970544	53.82044539012629
0.64	28.326810265943905	47.74756797036221	51.779132891825995	55.94880505946829
0.65	29.18480992365436	50.94453161050371	55.84089722766648	61.08615039773554
0.6599999999999999	30.825256154098536	54.73060546787025	59.61891975614292	64.5897197477202
0.67	33.12730357561073	72.77112287245528	104.53183444606894	742.4330330984293
0.68	35.00359710944344	75.90132676868166	87.1355510089795	100.02268678550512
0.69	35.561603898941996	76.18949204259907	86.70165208670197	98.285114252418
0.7	34.82237736118418	71.85263329117713	81.73602133562731	93.00097111034634
0.71	33.588815519644456	61.795225131424154	68.28629373927727	75.25506640168065
0.72	33.19306310135931	55.78143138193769	59.92062279689431	63.90956879049645
0.73	34.41392060810573	61.54659498107748	68.10023501029761	74.56316308057609
0.74	36.94762468518624	74.30960601068665	83.55799492958664	93.75591915579503
0.75	39.68313506600873	93.73884024432478	108.88993437749296	125.88095625325978
0.76	40.660189214437295	113.9358539904003	145.3040783612651	191.96590824884575
0.77	39.00328242110396	83.32293710116872	94.61100469585891	106.58929746366623
0.78	37.09830504712682	63.91862223482394	68.72598195359298	73.18899009237964
0.79	36.820262304981654	62.435871837475396	67.26121760141487	72.01927914932469
0.7999999999999999	38.24334386852756	70.9035142353099	78.40056177093018	86.50489429585713
0.8099999999999999	40.760763322185014	85.48613826506259	96.32328663820918	107.91889659258135
0.82	43.126736524370806	124.26636046341027	164.4487172810264	226.15723427848368
0.83	43.4203991877881	110.97386581087846	132.86455233334055	157.77285369576657
0.8400000000000001	42.10856332529222	84.95219944860035	94.91307302758152	106.06918093308913
0.85	41.128841169084	75.33125167930763	82.35148882676815	89.4712906131822
0.86	41.337017905611845	76.01748969496984	83.7988835772929	92.16401108462782
0.87	42.790085929033154	82.09334547413437	90.81812534957658	99.98354110121485
0.88	45.07863925909202	104.4489220376051	124.87415284522586	146.19615206970295
0.8900000000000001	47.0285347735867	117.50992816400928	139.57672316325727	163.79647931008802
0.9	47.65118163170771	117.46225232288491	139.55203874719857	166.5747146236141
0.91	47.04125920094091	106.75463666334277	123.56670095302684	142.7765846744602
0.9199999999999999	46.11503839805364	93.06986192721479	104.37145926391774	116.62975308151462
0.93	45.97776362092407	86.24463490523836	94.5694601720405	103.0187627773606
0.9400000000000001	47.21741973368896	94.52358717939937	107.94665411887581	121.45656241698434
0.95	49.52592607418195	108.92378401083958	124.38103705488149	140.88415941900178
0.9600000000000001	51.83329890409569	131.11633022778048	155.27726983247447	183.38405122109654
0.97	52.785308245016964	147.70037963607479	183.56619191380798	231.27801493996864
0.98	51.96341521067801	128.60115012981265	152.73513435774785	181.66761220079306
0.9900000000000001	50.57374505480025	103.25041452513467	114.84021603142499	126.53926148315608
1.0	50.09668652107574	96.45022394781313	109.2211164154599	128.3900140398704
