-2.5 -5.192860259702341e-06 -8.587467985938278e-06
-2.494994994994995 -1.2999446333400295e-05 -2.1497271955148367e-05
-2.48998998998999 -5.249572512407466e-06 -8.681253420435192e-06
-2.484984984984985 -1.289765278827337e-05 -2.1328935284177756e-05
-2.47997997997998 -5.371110713286073e-06 -8.882241961614843e-06
-2.474974974974975 -1.2891801539332771e-05 -2.131925903418585e-05
-2.46996996996997 -5.170193349048793e-06 -8.549983563431415e-06
-2.464964964964965 -1.2475895138582208e-05 -2.063147181815762e-05
-2.45995995995996 -4.579370161879083e-06 -7.572935279636984e-06
-2.454954954954955 -1.149835533119797e-05 -1.9014907654620163e-05
-2.44994994994995 -3.5291270963648576e-06 -5.836141248467388e-06
-2.444944944944945 -1.0284581419285776e-05 -1.7007681561842708e-05
-2.43993993993994 -2.3573910638048007e-06 -3.898433479778809e-06
-2.434934934934935 -9.471515725315383e-06 -1.566310934763866e-05
-2.42992992992993 -1.6420382148652332e-06 -2.7154496556602144e-06
-2.424924924924925 -9.151530818778241e-06 -1.5133948152516394e-05
-2.41991991991992 -1.7427228273652029e-06 -2.8819524773970674e-06
-2.414914914914915 -9.554362756775406e-06 -1.5800114041453223e-05
-2.40990990990991 -2.2723905430928316e-06 -3.7578675460341908e-06
-2.404904904904905 -9.707123422302969e-06 -1.6052735382661332e-05
-2.3998998998999 -1.5636673544006e-06 -2.585847235539135e-06
-2.394894894894895 -8.343668724342529e-06 -1.3797981165792634e-05
-2.38988988988989 -2.4536472592308458e-08 -4.057612999241317e-08
-2.384884884884885 -6.98718070103634e-06 -1.1554747785402737e-05
-2.37987987987988 1.2775010674253262e-06 2.112612119365083e-06
-2.374874874874875 -5.6812284673545925e-06 -9.395085780438707e-06
-2.36986986986987 2.8127266715608816e-06 4.6514250411190155e-06
-2.364864864864865 -4.423791418996954e-06 -7.315653664632005e-06
-2.35985985985986 3.883203405761922e-06 6.421679626098503e-06
-2.354854854854855 -3.3920955464046508e-06 -5.6095312514314305e-06
-2.34984984984985 4.938489535517939e-06 8.166813406460325e-06
-2.344844844844845 -2.4475395373160564e-06 -4.047512617443719e-06
-2.33983983983984 5.63365303850102e-06 9.316409973444948e-06
-2.334834834834835 -1.6070136624735901e-06 -2.6575293171841313e-06
-2.32982982982983 6.7917662558707e-06 1.1231589601110988e-05
-2.324824824824825 -9.065154588756772e-08 -1.499110718157674e-07
-2.31981981981982 8.148029205809792e-06 1.3474450776038331e-05
-2.314814814814815 8.153230579532278e-07 1.348305232176656e-06
-2.30980980980981 8.61594400790389e-06 1.424824463557582e-05
-2.304804804804805 1.0365618257847932e-06 1.7141692727337204e-06
-2.2997997997998 8.786744435208763e-06 1.4530698452700451e-05
-2.294794794794795 1.34144974463083e-06 2.2183644775212344e-06
-2.28978978978979 9.246539606712872e-06 1.5291064824642483e-05
-2.284784784784785 1.8772693343603854e-06 3.104452941822087e-06
-2.27977977977978 9.901470382366091e-06 1.637412825940436e-05
-2.274774774774775 2.4765904401157858e-06 4.095554291157293e-06
-2.26976976976977 1.0581388751346363e-05 1.7498513845640084e-05
-2.264764764764765 3.450104238459864e-06 5.705460616064738e-06
-2.25975975975976 1.1804680368947485e-05 1.952147943268862e-05
-2.254754754754755 4.556885313894015e-06 7.53575193496284e-06
-2.24974974974975 1.2494618139092668e-05 2.0662434170062278e-05
-2.244744744744745 4.7520141245604855e-06 7.858437763341305e-06
-2.23973973973974 1.2405081346822283e-05 2.051436657354336e-05
-2.234734734734735 4.341868477777092e-06 7.180177145132215e-06
-2.22972972972973 1.1692491693494787e-05 1.9335952264431246e-05
-2.224724724724725 3.593405979695631e-06 5.94243967093629e-06
-2.21971971971972 1.1049692048477739e-05 1.8272950162311383e-05
-2.214714714714715 3.0129438974775316e-06 4.98252561611504e-06
-2.20970970970971 1.0390038114025234e-05 1.7182076007910092e-05
-2.204704704704705 2.338283620053808e-06 3.866835371264746e-06
-2.1996996996997 9.865528991331367e-06 1.6314691739204288e-05
-2.194694694694695 1.8097139436491284e-06 2.9927361374065376e-06
-2.18968968968969 9.481055597480393e-06 1.567888549810663e-05
-2.184684684684685 1.6657185577442053e-06 2.7546099980279207e-06
-2.17967967967968 9.775026315234224e-06 1.616502685400443e-05
-2.174674674674675 2.2503588183073103e-06 3.721433534531939e-06
-2.16966966966967 1.0405774174370169e-05 1.72080988369545e-05
-2.164664664664665 2.701302801386885e-06 4.467162636571928e-06
-2.15965965965966 1.0605799202765752e-05 1.7538881573647867e-05
-2.1546546546546548 2.579954621268922e-06 4.266488333889208e-06
-2.1496496496496498 1.0471581782781855e-05 1.731692532213549e-05
-2.1446446446446448 2.5323047585752133e-06 4.187689435126393e-06
-2.1396396396396398 1.068029069906217e-05 1.7662068662484875e-05
-2.1346346346346348 2.6765129779794624e-06 4.426167538609023e-06
-2.1296296296296298 1.0471930746091125e-05 1.731750240528845e-05
-2.1246246246246248 2.0188217270719925e-06 3.3385390873567774e-06
-2.1196196196196198 9.7170148283793e-06 1.6069092867525967e-05
-2.1146146146146148 1.5582925574488118e-06 2.576958897837654e-06
-2.1096096096096097 9.478249731115519e-06 1.567424541809897e-05
-2.1046046046046047 1.3252355748828088e-06 2.191550996016694e-06
-2.0995995995995997 9.312863422381164e-06 1.5400744965498593e-05
-2.0945945945945947 1.2225315776336169e-06 2.0217087039370077e-06
-2.0895895895895897 9.507212592812014e-06 1.572214149736702e-05
-2.0845845845845847 1.6024509310576386e-06 2.6499838975005283e-06
-2.0795795795795797 9.929428208090398e-06 1.6420362304371324e-05
-2.0745745745745747 1.9779256555287647e-06 3.2709089782902e-06
-2.0695695695695697 1.0046371056753272e-05 1.6613751480700684e-05
-2.0645645645645647 1.834700262471076e-06 3.034056181222685e-06
-2.0595595595595597 1.006943025621245e-05 1.6651884633864928e-05
-2.0545545545545547 2.134784565053718e-06 3.5303076136545137e-06
-2.0495495495495497 1.078492614153334e-05 1.783510499868579e-05
-2.0445445445445447 2.9130302774792363e-06 4.817297789614956e-06
-2.0395395395395397 1.1464510421034642e-05 1.895893809858151e-05
-2.0345345345345347 3.36306551584906e-06 5.5615240941883975e-06
-2.0295295295295297 1.1760427553306603e-05 1.9448298253764887e-05
-2.0245245245245247 3.759619122210842e-06 6.217307463863886e-06
-2.0195195195195197 1.2268568085950099e-05 2.0288613674995805e-05
-2.0145145145145147 4.266105335602585e-06 7.054887126268381e-06
-2.0095095095095097 1.2851463560073788e-05 2.1252551845848487e-05
-2.0045045045045047 4.676797256082291e-06 7.734051120826343e-06
-1.9994994994994995 1.3099130193973054e-05 2.1662119827091412e-05
-1.9944944944944945 4.637825311812228e-06 7.669602954836844e-06
-1.9894894894894894 1.282657943281239e-05 2.1211400797550456e-05
-1.9844844844844844 4.277478236501252e-06 7.073694569307947e-06
-1.9794794794794794 1.2715754482156526e-05 2.1028128830182775e-05
-1.9744744744744744 4.315010152821913e-06 7.135761352134836e-06
-1.9694694694694694 1.2921424891996989e-05 2.1368247371885003e-05
-1.9644644644644644 4.248461733236318e-06 7.0257097825488295e-06
-1.9594594594594594 1.2437378213607768e-05 2.0567776119607043e-05
-1.9544544544544544 3.790322872283057e-06 6.268082462400178e-06
-1.9494494494494494 1.2495327364975685e-05 2.0663607021920988e-05
-1.9444444444444444 4.295572536405899e-06 7.103617235065016e-06
-1.9394394394394394 1.3121102378360896e-05 2.1698455376115754e-05
-1.9344344344344344 4.838361760509434e-06 8.00123143055221e-06
-1.9294294294294294 1.3810884036890702e-05 2.2839151950854347e-05
-1.9244244244244244 5.8013213470080175e-06 9.593684184477859e-06
-1.9194194194194194 1.5223339667638683e-05 2.51749393407508e-05
-1.9144144144144144 7.261388674062063e-06 1.2008207357359979e-05
-1.9094094094094094 1.6710089120953724e-05 2.7633586924961795e-05
-1.9044044044044044 8.595327173777965e-06 1.4214150438518403e-05
-1.8993993993993994 1.7753445603195914e-05 2.9358992566851632e-05
-1.8943943943943944 9.202030262840878e-06 1.5217459423187461e-05
-1.8893893893893894 1.8000454319186096e-05 2.9767472544141435e-05
-1.8843843843843844 9.032445163169698e-06 1.4937015401477177e-05
-1.8793793793793794 1.7789136857783144e-05 2.9418015434968592e-05
-1.8743743743743744 8.864940470473514e-06 1.4660011763010305e-05
-1.8693693693693694 1.7756187799268077e-05 2.936352735501651e-05
-1.8643643643643644 9.147959588118693e-06 1.5128042384143106e-05
-1.8593593593593594 1.82721612144961e-05 3.0216796066816897e-05
-1.8543543543543544 1.0026906372394205e-05 1.65815626012661e-05
-1.8493493493493494 1.942405433226035e-05 3.212168947417379e-05
-1.8443443443443444 1.1077718590301618e-05 1.8319297843381176e-05
-1.8393393393393394 2.0531032792278838e-05 3.3952307208961486e-05
-1.8343343343343343 1.1580967922084806e-05 1.9151524652531455e-05
-1.8293293293293293 2.0759132319415227e-05 3.432951693332561e-05
-1.8243243243243243 1.1399862500324612e-05 1.8852029397017252e-05
-1.8193193193193193 2.058205433252472e-05 3.403668187389546e-05
-1.8143143143143143 1.1422302734143951e-05 1.8889138962829018e-05
-1.8093093093093093 2.0754158010643383e-05 3.432129088521865e-05
-1.8043043043043043 1.159975633794657e-05 1.9182595182564214e-05
-1.7992992992992993 2.1176018772549055e-05 3.501892486880701e-05
-1.7942942942942943 1.208053194681542e-05 1.997765704517365e-05
-1.7892892892892893 2.171928970094847e-05 3.591733566212795e-05
-1.7842842842842843 1.2274870215468336e-05 2.029903554864542e-05
-1.7792792792792793 2.1512388032691736e-05 3.557518097975892e-05
-1.7742742742742743 1.1826319355843397e-05 1.9557263971289945e-05
-1.7692692692692693 2.0855861865840522e-05 3.448947923592092e-05
-1.7642642642642643 1.1132263147840515e-05 1.8409498545582495e-05
-1.7592592592592593 2.0425724593208468e-05 3.3778158330923134e-05
-1.7542542542542543 1.0982445367482862e-05 1.8161743873103663e-05
-1.7492492492492493 2.070329499108687e-05 3.423717836760455e-05
-1.7442442442442443 1.1255928922144602e-05 1.861400546942106e-05
-1.7392392392392393 2.0987074262387544e-05 3.47064660598561e-05
-1.7342342342342343 1.1292187871206096e-05 1.867396713747991e-05
-1.7292292292292293 2.0711987561269112e-05 3.4251553329288856e-05
-1.7242242242242243 1.073793812931084e-05 1.7757400606567097e-05
-1.7192192192192193 2.0177161828436444e-05 3.336710841278069e-05
-1.7142142142142143 1.0248752892674784e-05 1.694843168586036e-05
-1.7092092092092093 1.9575820523125127e-05 3.2372666245945946e-05
-1.7042042042042043 9.11258435351695e-06 1.5069542120274735e-05
-1.6991991991991993 1.804493609506182e-05 2.984103235651738e-05
-1.694194194194194 7.374208893359384e-06 1.219477891368345e-05
-1.689189189189189 1.6724792219764952e-05 2.7657901538594147e-05
-1.684184184184184 6.5136769646170625e-06 1.0771711467009356e-05
-1.679179179179179 1.6324960647660617e-05 2.699669737480579e-05
-1.674174174174174 6.16009814086848e-06 1.0186995784956944e-05
-1.669169169169169 1.58946079368625e-05 2.6285020198566828e-05
-1.664164164164164 5.491142546379835e-06 9.08073941292778e-06
-1.659159159159159 1.525024529189065e-05 2.521943335250344e-05
-1.654154154154154 5.073425003489282e-06 8.389957098597644e-06
-1.649149149149149 1.5057542706394823e-05 2.4900759788971683e-05
-1.644144144144144 4.707714654628884e-06 7.785179432030485e-06
-1.639139139139139 1.4572603615564914e-05 2.4098812748502768e-05
-1.634134134134134 4.0475504651288034e-06 6.69346146522948e-06
-1.629129129129129 1.4155699461207925e-05 2.3409375540335146e-05
-1.624124124124124 3.6790072912034494e-06 6.083999136274196e-06
-1.619119119119119 1.3728264351372198e-05 2.270252322038141e-05
-1.614114114114114 2.875552618253007e-06 4.755320732437628e-06
-1.609109109109109 1.2795587224776121e-05 2.1160148774282313e-05
-1.604104104104104 1.8605976805351396e-06 3.076882915905205e-06
-1.599099099099099 1.2323064852534425e-05 2.0378735344902547e-05
-1.594094094094094 1.7952241153114205e-06 2.968774210792532e-06
-1.589089089089089 1.2696153340382364e-05 2.099571429016712e-05
-1.584084084084084 1.859644287132895e-06 3.0753062828024012e-06
-1.579079079079079 1.2507046968436316e-05 2.0682987809004894e-05
-1.574074074074074 1.490433532217992e-06 2.4647399706430173e-06
-1.569069069069069 1.2164313349620383e-05 2.0116206915354834e-05
-1.564064064064064 1.2100292111776317e-06 2.001033456308292e-06
-1.559059059059059 1.1788379497305486e-05 1.9494522571625034e-05
-1.554054054054054 5.622875307380798e-07 9.298586766945875e-07
-1.549049049049049 1.145332494777007e-05 1.8940440606303533e-05
-1.544044044044044 5.592892950080224e-07 9.249004741410746e-07
-1.539039039039039 1.2196919796666185e-05 2.0170128416553807e-05
-1.534034034034034 1.282380430660642e-06 2.1206811554694348e-06
-1.529029029029029 1.2660676572571292e-05 2.093704612033338e-05
-1.524024024024024 1.0707311275664576e-06 1.7706752773281518e-06
-1.519019019019019 1.2216518312283516e-05 2.0202538613734784e-05
-1.514014014014014 7.795436360160595e-07 1.2891365613531783e-06
-1.509009009009009 1.2444038487332546e-05 2.0578790259791147e-05
-1.504004004004004 1.1607237554989776e-06 1.9194966920968564e-06
-1.498998998998999 1.2574281727598287e-05 2.0794174382963515e-05
-1.493993993993994 8.903071751568824e-07 1.4723069721493278e-06
-1.488988988988989 1.2292372864862428e-05 2.0327979798235178e-05
-1.483983983983984 9.432315535331805e-07 1.5598283729673068e-06
-1.478978978978979 1.2992306490989872e-05 2.148546474990885e-05
-1.473973973973974 1.8230919589565723e-06 3.014859451459945e-06
-1.468968968968969 1.4059973950756023e-05 2.325107361876001e-05
-1.4639639639639639 2.653875681768302e-06 4.3887320897160425e-06
-1.4589589589589589 1.5280997213839912e-05 2.5270288013000975e-05
-1.4539539539539539 4.073829745254005e-06 6.736919687781268e-06
-1.4489489489489489 1.688646548639664e-05 2.7925261708331307e-05
-1.4439439439439439 5.264437736831022e-06 8.705836142379482e-06
-1.4389389389389389 1.7797021415042888e-05 2.943105418006583e-05
-1.4339339339339339 5.774328716887765e-06 9.54904629049083e-06
-1.4289289289289289 1.8368458410661906e-05 3.0376043388676287e-05
-1.4239239239239239 6.13173987091071e-06 1.0140099522960454e-05
-1.4189189189189189 1.8748124432773446e-05 3.100389964646363e-05
-1.4139139139139139 6.537826046673066e-06 1.0811646967009283e-05
-1.4089089089089089 1.9430024779601516e-05 3.213156284294782e-05
-1.4039039039039038 7.34142317144814e-06 1.2140560944442859e-05
-1.3988988988988988 2.0493203164061033e-05 3.3889748097956914e-05
-1.3938938938938938 8.240175757378e-06 1.3626834149091547e-05
-1.3888888888888888 2.1679065769994045e-05 3.585081707633907e-05
-1.3838838838838838 9.60428370786118e-06 1.5882668654241955e-05
-1.3788788788788788 2.356886405500024e-05 3.897598922833989e-05
-1.3738738738738738 1.1525305342578547e-05 1.9059475069955856e-05
-1.3688688688688688 2.5589083174930446e-05 4.231683919367418e-05
-1.3638638638638638 1.312941973594796e-05 2.1712209846560218e-05
-1.3588588588588588 2.696361051273111e-05 4.458990430995358e-05
-1.3538538538538538 1.4062816299613105e-05 2.3255774030227598e-05
-1.3488488488488488 2.7842670551658032e-05 4.6043611816669524e-05
-1.3438438438438438 1.485660975862581e-05 2.4568475619807162e-05
-1.3388388388388388 2.9049449622984944e-05 4.8039270494920156e-05
-1.3338338338338338 1.639165553831775e-05 2.7106991164428118e-05
-1.3288288288288288 3.137805398827067e-05 5.189009921746149e-05
-1.3238238238238238 1.8980564736612256e-05 3.1388287742482326e-05
-1.3188188188188188 3.398010553003503e-05 5.6193129377457636e-05
-1.3138138138138138 2.1132851130698656e-05 3.494753824868214e-05
-1.3088088088088088 3.6112813501357805e-05 5.972000291387693e-05
-1.3038038038038038 2.3215235073463283e-05 3.839119059983942e-05
-1.2987987987987988 3.8452023613689756e-05 6.358837043140873e-05
-1.2937937937937938 2.5145142594670074e-05 4.158269166609764e-05
-1.2887887887887888 4.026422283303528e-05 6.658521648615698e-05
-1.2837837837837838 2.6656017674358068e-05 4.40812359613554e-05
-1.2787787787787788 4.196022115757076e-05 6.938990033811981e-05
-1.2737737737737738 2.843313894396041e-05 4.702007337419901e-05
-1.2687687687687688 4.438126922022216e-05 7.339360382571703e-05
-1.2637637637637638 3.122464351576365e-05 5.163640328591781e-05
-1.2587587587587588 4.776097429920539e-05 7.898264487804442e-05
-1.2537537537537538 3.44308074117013e-05 5.693845811472847e-05
-1.2487487487487487 5.094435121311308e-05 8.424701672082567e-05
-1.2437437437437437 3.724850960378843e-05 6.159811120754026e-05
-1.2387387387387387 5.3983268626992844e-05 8.927249491601008e-05
-1.2337337337337337 4.0256809814339896e-05 6.657295752722506e-05
-1.2287287287287287 5.7425129214280294e-05 9.496432295066062e-05
-1.2237237237237237 4.353055366292726e-05 7.198676977877754e-05
-1.2187187187187187 6.100593856868261e-05 0.00010088593149757011
-1.2137137137137137 4.71112783754083e-05 7.790823835265074e-05
-1.2087087087087087 6.498770555014239e-05 0.00010747060637287097
-1.2037037037037037 5.116648762992766e-05 8.461436520946067e-05
-1.1986986986986987 6.922780161227377e-05 0.0001144824817883259
-1.1936936936936937 5.521748772966769e-05 9.131353135883434e-05
-1.1886886886886887 7.351452026334292e-05 0.00012157145729359395
-1.1836836836836837 5.926875314516236e-05 9.801313626221553e-05
-1.1786786786786787 7.773252793314156e-05 0.00012854680498608828
-1.1736736736736737 6.333909982741353e-05 0.00010474429598547333
-1.1686686686686687 8.237370849071154e-05 0.00013622195653339634
-1.1636636636636637 6.819374386046773e-05 0.00011277245351978348
-1.1586586586586587 8.794303944973788e-05 0.00014543199665114712
-1.1536536536536537 7.380055303621173e-05 0.00012204447161635111
-1.1486486486486487 9.424258651062128e-05 0.00015584960005407805
-1.1436436436436437 8.024665506844712e-05 0.0001327044339629614
-1.1386386386386387 0.00010131090663108179 0.00016753852864365138
-1.1336336336336337 8.740418744308164e-05 0.00014454089345816408
-1.1286286286286287 0.00010874537720616774 0.0001798329627063692
-1.1236236236236237 9.457331151322147e-05 0.0001563965222183469
-1.1186186186186187 0.00011625716532277181 0.0001922552573081216
-1.1136136136136137 0.00010251442441629383 0.00016952879411092942
-1.1086086086086087 0.00012550752351994142 0.00020755263696159307
-1.1036036036036037 0.00011203779319056123 0.00018527765319465838
-1.0985985985985987 0.00013555162066907633 0.00022416262806608555
-1.0935935935935936 0.00012181192962556483 0.00020144120844792815
-1.0885885885885886 0.00014582507302320018 0.000241151905417635
-1.0835835835835836 0.00013202450552491482 0.0002183298139961972
-1.0785785785785786 0.00015646428732522252 0.0002587460457661265
-1.0735735735735736 0.00014293376481109993 0.0002363705295538724
-1.0685685685685686 0.00016870526345905408 0.00027898903044365264
-1.0635635635635636 0.00015630513573289685 0.000258482855705668
-1.0585585585585586 0.0001836610587779515 0.00030372152989277524
-1.0535535535535536 0.00017181231896843082 0.00028412718906571264
-1.0485485485485486 0.0002000497486445448 0.0003308236167057296
-1.0435435435435436 0.000188352591936822 0.0003114799498760625
-1.0385385385385386 0.00021770518303640052 0.0003600205274723381
-1.0335335335335336 0.00020634922036901932 0.0003412410955246442
-1.0285285285285286 0.00023647182407779722 0.00039105504815902686
-1.0235235235235236 0.00022510272702278234 0.0003722538957865399
-1.0185185185185186 0.0002558329481386465 0.0004230726694197252
-1.0135135135135136 0.00024468126444448276 0.0004046310549856305
-1.0085085085085086 0.0002766059409944612 0.00045742510761514235
-1.0035035035035036 0.00026651100466738143 0.0004407310434200606
-0.9984984984984986 0.00030076090081951595 0.0004973703273659293
-0.9934934934934936 0.00029201549189240383 0.0004829079857212141
-0.9884884884884886 0.00032797967151361864 0.0005423821917864963
-0.9834834834834836 0.00031970935868448353 0.000528705519758936
-0.9784784784784786 0.0003567157036069251 0.0005899031616020243
-0.9734734734734736 0.0003487834918975779 0.0005767856096727644
-0.9684684684684686 0.0003872054232286448 0.000640324216294124
-0.9634634634634636 0.00038024759734859226 0.0006288180127739251
-0.9584584584584586 0.0004206649847754569 0.0006956565185801142
-0.9534534534534536 0.00041473784857414377 0.0006858547735239006
-0.9484484484484486 0.00045696877393900515 0.0007556923392331922
-0.9434434434434436 0.00045207467268138147 0.0007475989310209009
-0.9384384384384385 0.0004962853605428235 0.0008207104433043637
-0.9334334334334335 0.0004924530573620909 0.0008143729377231109
-0.9284284284284285 0.0005387873430916861 0.0008909962581042525
-0.9234234234234235 0.0005363780218768385 0.0008870119473839252
-0.9184184184184185 0.0005854281422279642 0.0009681264617701817
-0.9134134134134135 0.0005845937787243969 0.000966746669224855
-0.9084084084084085 0.0006360356174674272 0.0010518163844245216
-0.9034034034034035 0.000636352827061447 0.0010523409560667222
-0.8983983983983985 0.0006899644228649049 0.0011409988131309387
-0.8933933933933933 0.0006918248509619745 0.001144075415605492
-0.8883883883883883 0.0007483914344268517 0.0012376199556675916
-0.8833833833833833 0.0007524987655089313 0.0012444122767418517
-0.8783783783783783 0.0008122786686224169 0.0013432707051494667
-0.8733733733733733 0.0008185600980648709 0.0013536583473250515
-0.8683683683683683 0.0008816547528244566 0.0014579984028552685
-0.8633633633633633 0.00089046059771595 0.0014725606878613691
-0.8583583583583583 0.0009576856918506629 0.001583731278805385
-0.8533533533533533 0.0009695252823252612 0.0016033104893153091
-0.8483483483483483 0.0010407246372244603 0.0017210533420528877
-0.8433433433433433 0.0010551857128118715 0.001744967720149928
-0.8383383383383383 0.0011300914386924764 0.0018688398235425269
-0.8333333333333333 0.0011473228477178945 0.0018973355207047504
-0.8283283283283283 0.001226771166865659 0.0020287197411786974
-0.8233233233233233 0.001247301161056995 0.0020626703308462167
-0.8183183183183182 0.0013316239365967276 0.0022021154726858524
-0.8133133133133132 0.0013556056842564763 0.0022417742503123995
-0.8083083083083082 0.0014452847949499123 0.002390077199671491
-0.8033033033033032 0.0014736583328436568 0.00243699871038757
-0.7982982982982982 0.0015697530465077357 0.002595911185589722
-0.7932932932932932 0.001603257139361523 0.0026513171295984863
-0.7882882882882882 0.001705963619129084 0.002821163526937404
-0.7832832832832832 0.0017446220842697 0.002885093291112434
-0.7782782782782782 0.0018539162304809732 0.0030658337568184994
-0.7732732732732732 0.0018979546198145839 0.0031386603378661887
-0.7682682682682682 0.0020147251695170764 0.0033317645823807127
-0.7632632632632632 0.0020648424789465243 0.003414643914533733
-0.7582582582582582 0.0021892854405800625 0.0036204360783335977
-0.7532532532532532 0.002245463928664873 0.003713338822452083
-0.7482482482482482 0.0023778797826282247 0.003932315811996797
-0.7432432432432432 0.0024408123608736726 0.004036387840504007
-0.7382382382382382 0.0025823057192399606 0.004270376360218708
-0.7332332332332332 0.0026528390904717587 0.004387017871279823
-0.7282282282282282 0.0028042584311903586 0.004637421054864005
-0.7232232232232232 0.0028830429346249874 0.004767707518822045
-0.7182182182182182 0.0030450721427357683 0.005035656311571828
-0.7132132132132132 0.00313286582006366 0.005180841307075923
-0.7082082082082082 0.0033065936290448666 0.005468136154877185
-0.7032032032032032 0.00340424509091403 0.005629623035071111
-0.6981981981981982 0.003590402367937506 0.005937472577888883
-0.6931931931931932 0.003698934249280277 0.00611695248104782
-0.6881881881881882 0.003898908266641891 0.006447650860421271
-0.6831831831831832 0.004019922067292908 0.006647772197608451
-0.6781781781781782 0.004235026482209229 0.007003491817323936
-0.6731731731731732 0.004368911128844298 0.007224897759202296
-0.6681681681681682 0.004599604918071596 0.00760639763221334
-0.6631631631631631 0.004747180157873352 0.00785044380022043
-0.6581581581581581 0.004995252574276928 0.008260682826040871
-0.6531531531531531 0.0051581916577351904 0.008530136285781155
-0.6481481481481481 0.005425136264703356 0.00897158438024614
-0.6431431431431431 0.0056048103731421405 0.009268712663509827
-0.6381381381381381 0.005892185853262648 0.009743947430512793
-0.6331331331331331 0.006090203134832332 0.010071409942727854
-0.6281281281281281 0.006399421265368215 0.010582766047837117
-0.6231231231231231 0.006617242472075478 0.010942978444435276
-0.6181181181181181 0.006950130848783196 0.01149347819506206
-0.6131131131131131 0.007189445406741153 0.011889234291385541
-0.6081081081081081 0.0075479478014473175 0.012482092116091683
-0.6031031031031031 0.0078102780370644985 0.012915909393575354
-0.5980980980980981 0.008196513326294848 0.013554629292742017
-0.5930930930930931 0.008484252344486676 0.014030465245102082
-0.5880880880880881 0.008901070831597933 0.014719760784588065
-0.5830830830830831 0.00921701651873921 0.015242242295366772
-0.5780780780780781 0.00966708651158045 0.01598652607383407
-0.5730730730730731 0.010013614996266379 0.01655958256289304
-0.5680680680680681 0.010499435532304561 0.01736298725543145
-0.5630630630630631 0.01087900584888358 0.01799068524443519
-0.5580580580580581 0.011403501938554446 0.018858047960503197
-0.5530530530530531 0.011818929969207253 0.019545044092778994
-0.5480480480480481 0.012385416349424007 0.02048184643513493
-0.5430430430430431 0.012839897240217737 0.02123342454525449
-0.5380380380380381 0.013452010851503163 0.02224568094693648
-0.5330330330330331 0.013949176519203398 0.023067847160115715
-0.5280280280280281 0.014610936837419134 0.024162204655428877
-0.5230230230230231 0.01515449146889432 0.025061084610441153
-0.5180180180180181 0.015869769810056465 0.0262439452207543
-0.513013013013013 0.016463500879407712 0.027225802289029977
-0.508008008008008 0.01723673004464446 0.028504496567424972
-0.503003003003003 0.01788486196035729 0.029576316681728956
-0.4979979979979978 0.01872093902429607 0.030958942953499376
-0.4929929929929928 0.019428387311578803 0.032128854950975574
-0.4879879879879878 0.02033283130963885 0.03362454008216659
-0.4829829829829828 0.02110491064511153 0.03490133287933632
-0.4779779779779778 0.02208354803210012 0.03651971211750474
-0.4729729729729728 0.022926020065247445 0.037912913792927196
-0.4679679679679678 0.02398559666831648 0.039665142757868685
-0.4629629629629628 0.024904830703116176 0.04118528627242974
-0.4579579579579578 0.026052179686395286 0.043082665013688556
-0.4529529529529528 0.027054190954539797 0.04473969779655201
-0.4479479479479478 0.028296027753319387 0.04679333167469651
-0.4429429429429428 0.029388000793138917 0.048599134845288605
-0.4379379379379378 0.030732996806940884 0.05082336381211222
-0.4329329329329328 0.03192358269379376 0.052792243712019064
-0.4279279279279278 0.03338083106791759 0.05520210516314792
-0.4229229229229228 0.0346781846795126 0.057347547568561204
-0.41791791791791777 0.03625700203774413 0.05995844846749851
-0.41291291291291277 0.03767009865759355 0.062295295865213
-0.40790790790790776 0.03938092577061027 0.0651245021847492
-0.40290290290290276 0.04092065214543409 0.06767075806114019
-0.39789789789789776 0.04277557239563193 0.07073825217212668
-0.39289289289289275 0.044452873744578666 0.07351201670981758
-0.38788788788788775 0.04646368003104792 0.07683730060890778
-0.38288288288288275 0.04828998996598199 0.07985748164884665
-0.37787787787787774 0.050470400615289256 0.08346324142507948
-0.37287287287287274 0.05245871754093473 0.08675133451670491
-0.36786786786786774 0.054822816378498875 0.09066086068703212
-0.36286286286286273 0.05698628884632846 0.09423860967847307
-0.35785785785785773 0.05954949432391506 0.09847739984042571
-0.3528528528528527 0.061903673268288266 0.10237052141657059
-0.3478478478478477 0.06468390871715661 0.10696821550376943
-0.3428428428428427 0.06724560242356112 0.111204505639536
-0.3378378378378377 0.07026215405513012 0.11619299738970053
-0.3328328328328327 0.07304970534111989 0.12080278972602025
-0.3278278278278277 0.0763233809982148 0.12621648920897535
-0.3228228228228227 0.0793559837137269 0.13123152474476335
-0.3178178178178177 0.08290856124074814 0.13710644612847164
-0.3128128128128127 0.08620676876870871 0.14256071413150387
-0.3078078078078077 0.09006265688741329 0.14893722228353218
-0.3028028028028027 0.09364905970748008 0.15486808078216968
-0.2977977977977977 0.09783421542318878 0.16178910097704252
-0.2927927927927927 0.1017327380062187 0.16823611402987693
-0.2877877877877877 0.10627589944914831 0.17574917070709062
-0.2827827827827827 0.1105138483579513 0.18275749536095545
-0.2777777777777777 0.11544728028524988 0.19091594496671488
-0.2727727727727727 0.12005364623353665 0.19853352336013175
-0.2677677677677677 0.1254112185436973 0.20739337677369465
-0.26276276276276267 0.13041615513265903 0.21567007412004344
-0.25775775775775767 0.13623485881551078 0.22529250359043165
-0.25275275275275266 0.14167166702659306 0.234283389947017
-0.24774774774774766 0.1479928900541159 0.24473683904224963
-0.24274274274274266 0.1538980339058169 0.2545022152020543
-0.23773773773773765 0.1607665810492718 0.2658607778741337
-0.23273273273273265 0.16717875053532172 0.27646462574037356
-0.22772772772772765 0.17464377633088315 0.2888095891768367
-0.22272272272272264 0.18160457486414658 0.30032070859357274
-0.21771771771771764 0.1897203377960574 0.31374180041525285
-0.21271271271271264 0.19727410326980702 0.3262335132552141
-0.20770770770770763 0.2060997812865898 0.34082859643415786
-0.20270270270270263 0.21429379488465486 0.35437909190948996
-0.19769769769769763 0.2238950964088158 0.37025682890655404
-0.19269269269269262 0.23277964211466437 0.3849492619793908
-0.18768768768768762 0.24322939488175693 0.40223008851136877
-0.18268268268268262 0.2528565284736809 0.4181505441728759
-0.17767767767767761 0.2642355927119714 0.4369681793438604
-0.1726726726726726 0.27465954259739234 0.4542063354766305
-0.1676676676676676 0.2870596201561206 0.4747124272523379
-0.1626626626626626 0.29833592697367456 0.4933601317845596
-0.1576576576576576 0.31186146040766793 0.5157273975213486
-0.1526526526526526 0.32404369843067143 0.535873246589638
-0.1476476476476476 0.33881541192395137 0.5603013286837248
-0.1426426426426426 0.35195262656415643 0.5820264290158264
-0.1376376376376376 0.36811437171339506 0.608753215821495
-0.13263263263263259 0.3822441744835017 0.6321197658292808
-0.12762762762762758 0.39997381175435387 0.661439386396508
-0.12262262262262258 0.41510809060633813 0.6864670452662294
-0.11761761761761758 0.4346381611610078 0.7187640544811598
-0.11261261261261257 0.4507327736512283 0.7453798235564592
-0.10760760760760757 0.47239781862728975 0.7812074543514966
-0.10260260260260257 0.48928133321072936 0.8091278361317545
-0.09759759759759756 0.5136416113118213 0.8494125920985538
-0.09259259259259256 0.5307979686583627 0.8777841757938006
-0.08758758758758756 0.5590608466738947 0.9245226875238486
-0.08258258258258255 0.5747204799922494 0.9504191286129674
-0.07757757757757755 0.6110945657614814 1.0105711992358082
-0.07257257257257255 0.6138527976559587 1.015132505896912
-0.06756756756756754 0.7739951615934899 0.1843864872637356
-0.06256256256256254 1.1028410984158576 0.15198131269092505
-0.05755755755755754 1.3931571949752526 0.1919894530420425
-0.052552552552552534 1.6926109452331566 0.23325684334857905
-0.04754754754754753 1.960036017013089 0.27011039687860283
-0.04254254254254253 2.223059179892496 0.30635732820892003
-0.037537537537537524 2.4541663312931368 0.3382059492773428
-0.03253253253253252 2.673121740909337 0.3683799522430005
-0.027527527527527518 2.858293661862167 0.39389828998026477
-0.022522522522522515 3.0260029943823903 0.4170101277087959
-0.01751751751751751 3.1578904422996477 0.435185391117743
-0.012512512512512508 3.2687031070239594 0.4504563619509588
-0.007507507507507505 3.3421150447851957 0.4605731799441981
-0.0025025025025025016 3.392323980653225 0.4674924178951581
0.0025025025025025016 3.4042805240564835 0.469140135924785
0.007507507507507505 3.392330244436954 0.4674932811002699
0.012512512512512508 3.3421264983646806 0.46057475834932604
0.01751751751751751 3.268721894590844 0.4504589510447834
0.022522522522522515 3.157912107905014 0.43518837683086936
0.027527527527527518 3.026023369104106 0.4170129355266733
0.03253253253253252 2.8583089249161597 0.3939003933648637
0.037537537537537524 2.673133246205276 0.3683815377751159
0.04254254254254253 2.4541692942937314 0.3382063576051795
0.04754754754754753 2.223049707513453 0.30635602283083496
0.052552552552552534 1.9600117041198513 0.2701070463456612
0.05755755755755754 1.692573084988169 0.23325162587006812
0.06256256256256254 1.3931007383528142 0.19198167281731152
0.06756756756756754 1.1027550484095492 0.1519694542346754
0.07257257257257255 0.7738773272273423 0.18435841594503619
0.07757757757757755 0.6137316045447347 1.0149320880326231
0.08258258258258255 0.6109882627532616 1.0103954052351443
0.08758758758758756 0.574624280701477 0.9502600431978966
0.09259259259259256 0.5589756495669167 0.9243817964942209
0.09759759759759756 0.5307210381041694 0.8776569552181896
0.10260260260260257 0.513573151023828 0.8492993788592067
0.10760760760760757 0.48921949790223157 0.8090255786656195
0.11261261261261257 0.47234290376878485 0.781116641280125
0.11761761761761758 0.4506835311639343 0.7452983909235633
0.12262262262262258 0.4345949155533541 0.7186925389285158
0.12762762762762758 0.4150698246039498 0.686403764520351
0.13263263263263259 0.3999410214035698 0.6613851607725671
0.1376376376376376 0.38221556233221154 0.6320724497219843
0.1426426426426426 0.3680903806287364 0.6087135416032105
0.1476476476476476 0.3519323155314085 0.5819928405241725
0.1526526526526526 0.3387991417366147 0.5602744225653433
0.1576576576576576 0.32403090043808946 0.5358520824631083
0.1626626626626626 0.31185259799162357 0.5157127416842463
0.1676676676676676 0.2983305295881644 0.49335120609178923
0.1726726726726726 0.2870580266481493 0.47470979205747316
0.17767767767767761 0.2746605979809569 0.4542080807715394
0.18268268268268262 0.26423943653431115 0.4369745358987524
0.18768768768768762 0.25286236031950504 0.41816018833559404
0.19269269269269262 0.24323770897343366 0.4022438375807713
0.19769769769769763 0.23278968276392578 0.38496586626870005
0.20270270270270263 0.22390736626584898 0.3702771196517696
0.20770770770770763 0.21430744969845641 0.3544016729670412
0.21271271271271264 0.2061155300409698 0.34085464025534684
0.21771771771771764 0.1972913404603467 0.3262620185133051
0.22272272272272264 0.1897398076298657 0.31377399781055454
0.22772772772772765 0.18162602910837286 0.3003561876217481
0.23273273273273265 0.17466761773700243 0.2888490158707123
0.23773773773773765 0.16720443159069584 0.2765070946746122
0.24274274274274266 0.16079426044762585 0.2659065514816175
0.24774774774774766 0.1539268575237105 0.25454988101309733
0.25275275275275266 0.14802302291548108 0.24478666995803966
0.25775775775775767 0.14170240014183272 0.23433421350668215
0.26276276276276267 0.1362663361127979 0.22534455780896084
0.2677677677677677 0.13044820033758958 0.21572306749126746
0.2727727727727727 0.1254442262340236 0.20744796181350006
0.2777777777777777 0.12008769282872084 0.19858982644389805
0.2827827827827827 0.11548256242695487 0.19097429128208407
0.2877877877877877 0.11055003782741231 0.18281734213034617
0.2927927927927927 0.1063129053404241 0.17581036759873483
0.2977977977977977 0.10177023904609034 0.16829812975208938
0.3028028028028027 0.097872298383719 0.16185207902536725
0.3078078078078077 0.09368769809042646 0.15493197733628467
0.3128128128128127 0.0901021890814374 0.14900259693904672
0.3178178178178177 0.08624705180499048 0.1426273304599167
0.3228228228228227 0.08294975774494392 0.13717457306492636
0.3278278278278277 0.07939775395491012 0.13130060047393852
0.3328328328328327 0.07636593098886865 0.12628685441510162
0.3378378378378377 0.07309291888076845 0.12087425224758816
0.3428428428428427 0.07030587099054117 0.11626529238023135
0.3478478478478477 0.06728914104397839 0.11127650574936085
0.3528528528528527 0.0647267217513126 0.10703901570670694
0.35785785785785773 0.06194536729257784 0.10243947110535528
0.36286286286286273 0.05959006562350198 0.09854449287180793
0.36786786786786774 0.057025825452976256 0.09430399163117303
0.37287287287287274 0.054861696839257505 0.09072515756685597
0.37787787787787774 0.0524973296381044 0.0868151876018542
0.38288288288288275 0.050509054411168035 0.08352716346766466
0.38788788788788775 0.0483285526912095 0.0799212530872826
0.39289289289289275 0.04650216191521147 0.07690093835993167
0.39789789789789776 0.04449134792001116 0.07357564171286113
0.40290290290290276 0.042814379456634674 0.07080242767027968
0.40790790790790776 0.0409597478589277 0.0677354109058613
0.41291291291291277 0.03941969606311039 0.06518861687858168
0.41791791791791777 0.03770809931281944 0.0623581378047018
0.4229229229229228 0.036293707789742016 0.06001914901679765
0.4279279279279278 0.03471401140598076 0.057406794467421224
0.4329329329329328 0.03341566459127419 0.05525970959533296
0.4379379379379378 0.03195770336591749 0.052848669297319024
0.4429429429429428 0.03076632665858532 0.05087848161225931
0.4479479479479478 0.029420450616831895 0.04865279733728524
0.4529529529529528 0.02832714723200156 0.04684479416618859
0.4579579579579578 0.027083941795799638 0.04478889696312086
0.4629629629629628 0.026080515938984628 0.04312952486544546
0.4679679679679678 0.024932351489509275 0.04123079758224593
0.4729729729729728 0.024012516086397068 0.03970965958085613
0.4779779779779778 0.022952393093844316 0.037956527047944895
0.4829829829829828 0.02210921855103404 0.036562163627561824
0.4879879879879878 0.02112970552802852 0.03494233634421407
0.4929929929929928 0.020356906931823574 0.03366435410072717
0.4979979979979978 0.019451633947401344 0.03216729806920595
0.5030030030030028 0.018743709080912514 0.030996597949486584
0.5080080080080078 0.01790703297705686 0.029612981041370903
0.5130130130130128 0.01725869442081352 0.028540819204229927
0.5180180180180178 0.016485321713087114 0.02726188754865326
0.5230230230230228 0.01589180152792933 0.026280379220988116
0.5280280280280278 0.015176727784069107 0.02509785695461149
0.5330330330330328 0.01463353769223045 0.02419957984125113
0.5380380380380378 0.013972034600835053 0.023105647723663338
0.5430430430430429 0.013474756007654742 0.022283294764857582
0.5480480480480479 0.012862457767801367 0.021270733041668818
0.5530530530530529 0.012407306232778458 0.020518045882670664
0.5580580580580579 0.011840175058267946 0.01958017723964843
0.5630630630630629 0.011424042892690256 0.018892016674704467
0.5680680680680679 0.01089898492542466 0.01802372477787393
0.5730730730730729 0.010519110115875314 0.017395523246794477
0.5780780780780779 0.010033186157509243 0.01659194752405588
0.5830830830830829 0.009686632585703618 0.016018849548257663
0.5880880880880879 0.009236760726347137 0.015274893424468796
0.5930930930930929 0.00892073955517672 0.01475228708524298
0.5980980980980979 0.008503902871191888 0.01406296145346462
0.6031031031031029 0.008215652447036158 0.013586279785617498
0.6081081081081079 0.007828769959028821 0.012946489609474107
0.6131131131131129 0.0075657809337049 0.012511582887015612
0.6181181181181179 0.007206664347926042 0.01191770937039589
0.6231231231231229 0.006967173294687093 0.011521661402637625
0.6281281281281279 0.0066340954261225795 0.010970848288050644
0.6331331331331329 0.006416232107965728 0.010610566251464663
0.6381381381381379 0.006107012941503637 0.010099208433237408
0.6431431431431429 0.005909230371908779 0.009772134065795678
0.6481481481481479 0.005621901962387841 0.009296977139760694
0.6531531531531529 0.0054422387639243425 0.008999866898396396
0.6581581581581579 0.00517514298020363 0.008558168801917404
0.6631631631631629 0.005012360937488645 0.008288975041512383
0.6681681681681679 0.004764575858511344 0.007879211187528667
0.6731731731731729 0.004617375274138783 0.0076357845897283925
0.6781781781781779 0.004386703860586949 0.0072543217195225095
0.6831831831831829 0.004252902315746911 0.007033053203642167
0.6881881881881879 0.004037645229679949 0.006677081110616675
0.693193193193193 0.003916413388896598 0.0064765991989939225
0.698198198198198 0.00371592356381942 0.006145047824927287
0.703203203203203 0.003606575934983301 0.005964218914644504
0.7082082082082084 0.0034197558063376056 0.005655273209634685
0.7132132132132134 0.00332138988600969 0.005492604824675729
0.7182182182182184 0.003147378508076983 0.005204841036989211
0.7232232232232234 0.0030590926723114173 0.005058842155761887
0.7282282282282284 0.00289670372203501 0.004790298454969885
0.7332332332332334 0.0028175110210558523 0.004659336951983115
0.7382382382382384 0.002665772436279737 0.004408405832351289
0.7432432432432434 0.0025951192538888872 0.004291566188768982
0.7482482482482484 0.002453399896504636 0.004057203932956333
0.7532532532532534 0.002390591781781326 0.003953337730613969
0.7582582582582584 0.0022579614425301047 0.0037340060453042393
0.7632632632632634 0.0022018349301035703 0.003641189253681885
0.7682682682682684 0.0020774906585836364 0.0034355602943873576
0.7732732732732734 0.0020278208713284496 0.003353421032668216
0.7782782782782784 0.0019118116714257904 0.0031615758374455225
0.7832832832832834 0.0018682987201002576 0.003089618176770567
0.7882882882882885 0.0017595073848187166 0.0029097092128856175
0.7932932932932935 0.0017210721205091835 0.002846148557428091
0.7982982982982985 0.0016187095778122538 0.0026768709311394906
0.8033033033033035 0.0015853208426416475 0.002621655754908411
0.8083083083083085 0.0014893582669922862 0.0024629617972312663
0.8133133133133135 0.0014605858673381509 0.002415380686135714
0.8183183183183185 0.0013704231287493698 0.0022662779580686953
0.8233233233233235 0.0013456787827907145 0.002225358066498839
0.8283283283283285 0.0012608123186514815 0.002085013823160412
0.8333333333333335 0.0012398805198956758 0.0020503987665781392
0.8383383383383385 0.0011599085822604058 0.0019181486346850965
0.8433433433433435 0.0011422918925514313 0.0018890157962614517
0.8483483483483485 0.0010667090076880298 0.0017640238704982728
0.8533533533533535 0.0010519729557158636 0.001739654762101732
0.8583583583583585 0.0009805436142894916 0.0016215315790950036
0.8633633633633635 0.0009687229456537052 0.0016019836597574624
0.8683683683683685 0.0009015045311336051 0.0014908241149370397
0.8733733733733735 0.0008926854181631262 0.0014762398884193596
0.8783783783783785 0.0008295917450846113 0.0013719014563019387
0.8833833833833835 0.0008233856584530786 0.001361638409039902
0.8883883883883885 0.0007636355328423893 0.0012628292238894855
0.8933933933933935 0.0007595239046616998 0.0012560297966742653
0.8983983983983985 0.0007029615129351557 0.001162492188517762
0.9034034034034035 0.0007010091494339943 0.0011592635518465875
0.9084084084084085 0.0006475649298727192 0.0010708824860014524
0.9134134134134135 0.0006470518403272113 0.0010700339863638846
0.9184184184184185 0.000595906991534135 0.0009854554054449381
0.9234234234234235 0.0005967225396323104 0.0009868040828274686
0.9284284284284285 0.0005480699877597199 0.0009063470301120872
0.9334334334334335 0.0005504421738910847 0.0009102699302945005
0.9384384384384385 0.0005041016040057745 0.000833636217762784
0.9434434434434436 0.0005077619030210065 0.0008396892788966444
0.9484484484484486 0.00046342093820398616 0.0007663623267342142
0.9534534534534536 0.0004681111071705196 0.0007741184907435701
0.9584584584584586 0.0004254897107049965 0.0007036352003455092
0.9634634634634636 0.0004313322145079315 0.0007132969882345348
0.9684684684684686 0.00039113681925068264 0.000646825592374196
0.9734734734734736 0.0003984457650491205 0.0006589124452682535
0.9784784784784786 0.00036033082397335137 0.000595881510500251
0.9834834834834836 0.0003684029145525341 0.0006092303810574876
0.9884884884884886 0.00033179710774993164 0.0005486951118006617
0.9934934934934936 0.00034069680939906007 0.0005634126083599605
0.9984984984984986 0.0003055756129712909 0.0005053324492795999
1.0035035035035036 0.0003152520242705007 0.0005213343958172462
1.0085085085085086 0.00028147528293950743 0.00046547757118538914
1.0135135135135136 0.00029138674755543534 0.0004818682269766616
1.0185185185185186 0.0002586058637381662 0.00042765825862281764
1.0235235235235236 0.0002686338959267821 0.00044424168299381683
1.0285285285285286 0.00023705525980730402 0.0003920198797546108
1.0335335335335336 0.00024800891551211775 0.00041013401396872986
1.0385385385385386 0.00021775399050573687 0.0003601012407131454
1.0435435435435436 0.00022907367597323382 0.0003788206808106823
1.0485485485485486 0.00019967086149510818 0.0003301970484747407
1.0535535535535536 0.0002111704349764823 0.0003492139705930259
1.0585585585585586 0.00018290381396067744 0.00030246926903815187
1.0635635635635636 0.00019496412022312459 0.0003224134787328762
1.0685685685685686 0.00016777733155211308 0.00027745450319949136
1.0735735735735736 0.0001803780480960363 0.00029829239301647735
1.0785785785785786 0.00015410762513274682 0.0002548488176256371
1.0835835835835836 0.0001670040911144416 0.0002761757902796932
1.0885885885885886 0.00014170185771970572 0.00023433331649964497
1.0935935935935936 0.0001548986236398648 0.0002561568971844366
1.0985985985985987 0.0001303435926737853 0.00021555007709327326
1.1036036036036037 0.00014324860832576612 0.0002368911883944935
1.1086086086086087 0.00011881936523222641 0.00019649238455522432
1.1136136136136137 0.00013148655889175435 0.00021744020802590887
1.1186186186186187 0.0001077395223311274 0.0001781695737248167
1.1236236236236237 0.00012099273411118418 0.0002000864993084005
1.1286286286286287 9.851754470652761e-05 0.00016291912721536593
1.1336336336336337 0.00011239607666886487 0.0001858701489959062
1.1386386386386387 9.086175897451897e-05 0.00015025870278702506
1.1436436436436437 0.00010501419261529423 0.00017366267761813488
1.1486486486486487 8.389475106597975e-05 0.00013873731488462667
1.1536536536536537 9.780085004503086e-05 0.00016173392442654107
1.1586586586586587 7.693756118740266e-05 0.00012723216312453395
1.1636636636636637 9.051916962480367e-05 0.0001496921604721007
1.1686686686686687 6.996409209771281e-05 0.00011570009032326454
1.1736736736736737 8.360615073120754e-05 0.00013826005456702787
1.1786786786786787 6.379739352247487e-05 0.00010550217935548544
1.1836836836836837 7.774225687705152e-05 0.0001285628938062759
1.1886886886886887 5.834735975652641e-05 9.648942180954244e-05
1.1936936936936937 7.207750486083378e-05 0.00011919505524395645
1.1986986986986987 5.317425160418246e-05 8.793461801630336e-05
1.2037037037037037 6.725696668265166e-05 0.00011122329879126232
1.2087087087087087 4.925293610898495e-05 8.14499121712364e-05
1.2137137137137137 6.340171782503979e-05 0.00010484784778985552
1.2187187187187187 4.5724131835420366e-05 7.561430477689781e-05
1.2237237237237237 5.947132383541003e-05 9.834812877694421e-05
1.2287287287287287 4.1740799851846746e-05 6.902704184720306e-05
1.2337337337337337 5.537370674352851e-05 9.157187179406376e-05
1.2387387387387387 3.804436143283943e-05 6.291421673737044e-05
1.2437437437437437 5.177476899331253e-05 8.562028419715838e-05
1.2487487487487487 3.491124978445148e-05 5.77329689023718e-05
1.2537537537537538 4.83264621582947e-05 7.991779595890293e-05
1.2587587587587588 3.168365017352083e-05 5.239546568732729e-05
1.2637637637637638 4.4971457347016724e-05 7.436960190606963e-05
1.2687687687687688 2.863319032435964e-05 4.7350899689454704e-05
1.2737737737737738 4.195896697491451e-05 6.938782628787623e-05
1.2787787787787788 2.567641022768927e-05 4.246125252891677e-05
1.2837837837837838 3.860517889235199e-05 6.384164434743823e-05
1.2887887887887888 2.2288040134216223e-05 3.685788208404859e-05
1.2937937937937938 3.5436616522456965e-05 5.8601771415492116e-05
1.2987987987987988 1.9838229400888695e-05 3.28066135743805e-05
1.3038038038038038 3.338804844372043e-05 5.521404058600647e-05
1.3088088088088088 1.8191698203885528e-05 3.0083733844280004e-05
1.3138138138138138 3.1375040121487354e-05 5.18851151658022e-05
1.3188188188188188 1.6256241970142855e-05 2.6883056834858197e-05
1.3238238238238238 2.9159267486410473e-05 4.822087703535936e-05
1.3288288288288288 1.4276366367772591e-05 2.3608923216297852e-05
1.3338338338338338 2.724428238950892e-05 4.50540532828428e-05
1.3388388388388388 1.2601534331199543e-05 2.0839242197208515e-05
1.3438438438438438 2.514061332171911e-05 4.1575201577098005e-05
1.3488488488488488 1.0485316386935889e-05 1.7339638329503995e-05
1.3538538538538538 2.2847981098018978e-05 3.7783860227020246e-05
1.3588588588588588 8.581514788176894e-06 1.4191308803278835e-05
1.3638638638638638 2.1252807398442696e-05 3.5145910736479724e-05
1.3688688688688688 7.391596657302037e-06 1.2223533176034301e-05
1.3738738738738738 2.0024683084158756e-05 3.311495328626954e-05
1.3788788788788788 6.279397627662242e-06 1.0384282149500543e-05
1.3838838838838838 1.8447050384779124e-05 3.0506011465458166e-05
1.3888888888888888 4.493935834550298e-06 7.43165195705209e-06
1.3938938938938938 1.6358642488230636e-05 2.705239726137587e-05
1.3988988988988988 2.387089747203068e-06 3.9475463923549505e-06
1.4039039039039038 1.4301958677115776e-05 2.365124539071402e-05
1.4089089089089089 8.772329630404207e-07 1.4506860592054896e-06
1.4139139139139139 1.3058441693970527e-05 2.1594832980349634e-05
1.4189189189189189 8.722049459160196e-08 1.442371195200554e-07
1.4239239239239239 1.1982318030790757e-05 1.9815240030572024e-05
1.4289289289289289 -1.2242534303038292e-06 -2.024556143341194e-06
1.4339339339339339 1.0396367461702553e-05 1.7192542892871128e-05
1.4389389389389389 -2.4834104546320583e-06 -4.106832595123269e-06
1.4439439439439439 9.287082219746986e-06 1.535811041710347e-05
1.4489489489489489 -3.380311351891564e-06 -5.590043649436984e-06
1.4539539539539539 7.941461310720666e-06 1.3132848056569524e-05
1.4589589589589589 -5.0978539754212485e-06 -8.430355454225741e-06
1.4639639639639639 6.038182237448068e-06 9.985382634636888e-06
1.468968968968969 -6.552529986810768e-06 -1.0835962971496379e-05
1.473973973973974 4.933233017576175e-06 8.15812066740927e-06
1.478978978978979 -7.278029375642031e-06 -1.2035726197196368e-05
1.483983983983984 4.079250582838507e-06 6.745884163382177e-06
1.488988988988989 -8.175772911337323e-06 -1.3520330728502586e-05
1.493993993993994 3.2018969225220635e-06 5.2949985065501805e-06
1.498998998998999 -8.797993844807253e-06 -1.454930167713729e-05
1.5040040040040044 2.6035086539471625e-06 4.305439796047576e-06
1.5090090090090094 -9.097223228917094e-06 -1.5044139325162478e-05
1.5140140140140144 2.2486124027215355e-06 3.718545475427008e-06
1.5190190190190194 -9.563831463715878e-06 -1.581577250573107e-05
1.5240240240240244 1.6249749051787447e-06 2.6872319453479023e-06
1.5290290290290294 -1.0148574289059414e-05 -1.678276565433708e-05
1.5340340340340344 9.317001763023501e-07 1.5407588566196361e-06
1.5390390390390394 -1.064728112882619e-05 -1.7607480514085308e-05
1.5440440440440444 1.1503232626511817e-08 1.9022973415267973e-08
1.5490490490490494 -1.165956908895113e-05 -1.928150793137196e-05
1.5540540540540544 -1.0541603869337578e-06 -1.7432721317925665e-06
1.5590590590590594 -1.2392993609491342e-05 -2.0494377001217713e-05
1.5640640640640644 -1.4388255623820249e-06 -2.379395523258041e-06
1.5690690690690694 -1.2216439593320232e-05 -2.0202408435374098e-05
1.5740740740740744 -1.2625112842074867e-06 -2.087823413841943e-06
1.5790790790790794 -1.188500309986848e-05 -1.965430967391586e-05
1.5840840840840844 -8.86184542740382e-07 -1.4654893468878723e-06
1.5890890890890894 -1.125581522796651e-05 -1.8613817452375768e-05
1.5940940940940944 5.995508960522046e-08 9.914813552838307e-08
1.5990990990990994 -9.906482515357232e-06 -1.6382416857495174e-05
1.6041041041041044 1.4232061156258886e-06 2.353565539097134e-06
1.6091091091091094 -8.75807745955709e-06 -1.4483291682073973e-05
1.6141141141141144 1.8436066405995688e-06 3.0487847188529776e-06
1.6191191191191194 -8.913744496134097e-06 -1.4740719308902543e-05
1.6241241241241244 1.3622912385251035e-06 2.2528301963996336e-06
1.6291291291291294 -9.172214032141272e-06 -1.5168152121484928e-05
1.6341341341341344 1.279738602961023e-06 2.116312347085953e-06
1.6391391391391394 -8.882367183615936e-06 -1.4688830435913395e-05
1.6441441441441444 1.6921332885101793e-06 2.798292216100673e-06
1.6491491491491495 -8.343555719037215e-06 -1.3797794287968561e-05
1.6541541541541545 2.0960327515662477e-06 3.466223478464099e-06
1.6591591591591595 -8.168253625753556e-06 -1.3507896035439508e-05
1.6641641641641645 1.9016894285382343e-06 3.144836616377752e-06
1.6691691691691695 -8.335716082073333e-06 -1.378482982756885e-05
1.6741741741741745 1.7129627145375097e-06 2.8327379783043016e-06
1.6791791791791795 -8.130851941014581e-06 -1.3446044617651726e-05
1.6841841841841845 2.3534622860510488e-06 3.891936433548866e-06
1.6891891891891895 -6.838463617942733e-06 -1.1308813343491264e-05
1.6941941941941945 4.002217843605832e-06 6.618494603691574e-06
1.6991991991991995 -5.3343346012236476e-06 -8.821425057733307e-06
1.7042042042042045 4.744259010343825e-06 7.845613079008223e-06
1.7092092092092095 -5.261190295976692e-06 -8.700465827590646e-06
1.7142142142142145 4.266831807841792e-06 7.056088498626235e-06
1.7192192192192195 -5.791781654976619e-06 -9.577908331703832e-06
1.7242242242242245 3.6966047607571274e-06 6.113100190249584e-06
1.7292292292292295 -6.239552483748593e-06 -1.0318389966859084e-05
1.7342342342342345 3.156185442194119e-06 5.219405123455104e-06
1.7392392392392395 -6.763618446000024e-06 -1.1185041378390139e-05
1.7442442442442445 2.5546505325331014e-06 4.22464279193808e-06
1.7492492492492495 -7.048805516115476e-06 -1.1656657157045252e-05
1.7542542542542545 2.511495764019634e-06 4.153277460619484e-06
1.7592592592592595 -6.612068575633971e-06 -1.0934422337006581e-05
1.7642642642642645 3.0814242929386733e-06 5.095772107396203e-06
1.7692692692692695 -6.125489745159645e-06 -1.012976364793062e-05
1.7742742742742745 3.3715823803999568e-06 5.5756084908850644e-06
1.7792792792792795 -5.752506115960095e-06 -9.51295810815674e-06
1.7842842842842845 4.238626133817599e-06 7.0094445855975915e-06
1.7892892892892895 -4.222602806666946e-06 -6.982946701387513e-06
1.7942942942942945 5.729681484822596e-06 9.475212862076101e-06
1.7992992992992995 -2.9956725885353228e-06 -4.953963936073557e-06
1.8043043043043046 6.489077504312325e-06 1.0731031174235495e-05
1.8093093093093096 -2.2097078397024147e-06 -3.654208737339478e-06
1.8143143143143146 7.254871567367725e-06 1.1997429973885766e-05
1.8193193193193196 -1.6482009443373467e-06 -2.7256410026405213e-06
1.8243243243243246 7.338614724735715e-06 1.2135916597346429e-05
1.8293293293293296 -2.0237126719730406e-06 -3.3466272756349437e-06
1.8343343343343346 6.759613105307267e-06 1.1178417719565644e-05
1.8393393393393396 -2.642615323349358e-06 -4.370110758660331e-06
1.8443443443443446 6.439340149885468e-06 1.0648780176168793e-05
1.8493493493493496 -2.304813761753962e-06 -3.81148604125554e-06
1.8543543543543546 7.2439162870068725e-06 1.1979313153154737e-05
1.8593593593593596 -1.1989709119728996e-06 -1.9827462723507748e-06
1.8643643643643646 8.247619217001814e-06 1.3639143448431106e-05
1.8693693693693696 -1.4741813634988908e-07 -2.437863649778927e-07
1.8743743743743746 9.28139871488583e-06 1.5348711566869103e-05
1.8793793793793796 7.613018372447698e-07 1.2589699757793012e-06
1.8843843843843846 9.830914183786657e-06 1.6257448998926686e-05
1.8893893893893896 1.0896679148778923e-06 1.8019911700195428e-06
1.8943943943943946 1.0097881036304478e-05 1.669893388079627e-05
1.8993993993993996 1.302053364553008e-06 2.153214418744535e-06
1.9044044044044046 1.0116070600960604e-05 1.672901408663889e-05
1.9094094094094096 1.2577422305262306e-06 2.079936797786024e-06
1.9144144144144146 9.918443160841718e-06 1.640219625759823e-05
1.9194194194194196 1.1835551504373163e-06 1.957253123751097e-06
1.9244244244244246 9.934244409995127e-06 1.6428326889941388e-05
1.9294294294294296 1.3226085419742575e-06 2.18720665378409e-06
1.9344344344344346 9.923258420128227e-06 1.6410159284487737e-05
1.9394394394394396 1.1252699706217592e-06 1.8608665292217573e-06
1.9444444444444446 9.439561505852106e-06 1.5610266439249537e-05
1.9494494494494496 4.850644966873422e-07 8.021544253759755e-07
1.9544544544544546 8.625521079912236e-06 1.426408230453841e-05
1.9594594594594597 -4.0781023058310864e-07 -6.743985251192562e-07
1.9644644644644647 7.861353208661492e-06 1.3000372748900987e-05
1.9694694694694697 -6.535846486706474e-07 -1.0808373357294401e-06
1.9744744744744747 7.7359969800825e-06 1.2793070309764483e-05
1.9794794794794797 -8.132084739804138e-07 -1.3448083303689603e-06
1.9844844844844847 7.286325383166492e-06 1.2049445360666612e-05
1.9894894894894897 -1.6035722896493316e-06 -2.65183829595315e-06
1.9944944944944947 6.413206481959097e-06 1.060556275351382e-05
1.9994994994994997 -2.486770801148987e-06 -4.112389623084144e-06
2.0045045045045047 5.293956673114444e-06 8.754651806345935e-06
2.0095095095095097 -3.414919033922649e-06 -5.647274606407263e-06
2.0145145145145147 4.414335636390737e-06 7.300016573397393e-06
2.0195195195195197 -4.153229215800227e-06 -6.86822312684056e-06
2.0245245245245247 3.6762103918160093e-06 6.079373884961937e-06
2.0295295295295297 -5.1440182289409975e-06 -8.506697591022612e-06
2.0345345345345347 2.4735310787616075e-06 4.090495004255351e-06
2.0395395395395397 -6.024826678214557e-06 -9.9632964560759e-06
2.0445445445445447 2.4028307858389436e-06 3.973577453858376e-06
2.0495495495495497 -5.132082164828785e-06 -8.486958841427595e-06
2.0545545545545547 3.7744060514000315e-06 6.241760708427346e-06
2.0595595595595597 -4.074875622227004e-06 -6.738649261286086e-06
2.0645645645645647 4.417877702266705e-06 7.305874111449667e-06
2.0695695695695697 -3.6106272063356533e-06 -5.9709185292707215e-06
2.0745745745745747 4.8528212940513115e-06 8.025143258736712e-06
2.0795795795795797 -3.160857536288015e-06 -5.227131396687766e-06
2.0845845845845847 4.617325122224043e-06 7.635701653015927e-06
2.0895895895895897 -4.038483689954367e-06 -6.678467678027144e-06
2.0945945945945947 3.510404207798638e-06 5.805179081585387e-06
2.0995995995995997 -4.667379452220962e-06 -7.71847683577121e-06
2.1046046046046047 3.454994257568433e-06 5.7135472737110014e-06
2.1096096096096097 -4.759793986737483e-06 -7.871303373775743e-06
2.1146146146146148 3.118270305976936e-06 5.1567046071283445e-06
2.1196196196196198 -4.899708014266301e-06 -8.102680143466556e-06
2.1246246246246248 3.4513641700998296e-06 5.707544173671899e-06
2.1296296296296298 -4.096697974720937e-06 -6.774737032824558e-06
2.1346346346346348 4.104743425581555e-06 6.788041849018685e-06
2.1396396396396398 -3.5425285297915794e-06 -5.85830328921795e-06
2.1446446446446448 4.681365804824985e-06 7.741606161170268e-06
2.1496496496496498 -2.778570500957649e-06 -4.5949407513055485e-06
2.1546546546546548 5.749583559622264e-06 9.508125056995642e-06
2.15965965965966 -1.699419335099388e-06 -2.8103412000396674e-06
2.164664664664665 6.60070599880227e-06 1.0915631967148303e-05
2.16966966966967 -1.1136306517945069e-06 -1.8416185091998767e-06
2.174674674674675 6.983479452437199e-06 1.1548627005574285e-05
2.17967967967968 -5.507053382906384e-07 -9.107051268633311e-07
2.184684684684685 7.457297654580184e-06 1.2332183357579699e-05
2.18968968968969 -2.926806562365609e-07 -4.840079721902843e-07
2.194694694694695 7.366263924855631e-06 1.2181640265672534e-05
2.1996996996997 -7.472271241749862e-07 -1.2356945278259073e-06
2.204704704704705 6.909575330201047e-06 1.142641126089176e-05
2.20970970970971 -1.2031169765772768e-06 -1.9896026472892117e-06
2.214714714714715 6.384904747812737e-06 1.055875998491608e-05
2.21971971971972 -1.6788009062808717e-06 -2.7762443657631374e-06
2.224724724724725 5.918607575034576e-06 9.787641209781453e-06
2.22972972972973 -1.891055600393484e-06 -3.1272513829396964e-06
2.234734734734735 5.87823362751614e-06 9.720874540712854e-06
2.23973973973974 -1.6744427785614827e-06 -2.7690373004422167e-06
2.244744744744745 6.3452477551688174e-06 1.0493178948941483e-05
2.24974974974975 -1.0670975382890952e-06 -1.764666386075389e-06
2.254754754754755 6.681248322224623e-06 1.1048825349778964e-05
2.25975975975976 -1.4282760830548067e-06 -2.3619497783345743e-06
2.264764764764765 5.705701260613161e-06 9.435556603419859e-06
2.26976976976977 -2.8602600976589365e-06 -4.7300313879872254e-06
2.274774774774775 4.206710001178212e-06 6.956664661807749e-06
2.27977977977978 -4.473732361057304e-06 -7.398241336932359e-06
2.284784784784785 2.4209189205676578e-06 4.003489924060915e-06
2.28978978978979 -6.177831239942607e-06 -1.0216321130289812e-05
2.294794794794795 1.0325763595290896e-06 1.7075784801772258e-06
2.2997997997998 -6.892250245171066e-06 -1.1397760651136277e-05
2.304804804804805 1.043620593636927e-06 1.7258424044824362e-06
2.30980980980981 -6.385972249259395e-06 -1.0560525319283923e-05
2.314814814814815 1.7476086433253804e-06 2.890032183903812e-06
2.31981981981982 -5.401863821437865e-06 -8.933098584171799e-06
2.324824824824825 2.7261977881757037e-06 4.508331643708322e-06
2.32982982982983 -4.329453839990629e-06 -7.159646974922449e-06
2.334834834834835 3.481888287558534e-06 5.758022112225598e-06
2.33983983983984 -4.164366913392854e-06 -6.8866416124363186e-06
2.344844844844845 3.2349569456299354e-06 5.349670088869815e-06
2.34984984984985 -4.988221180083854e-06 -8.249054962048137e-06
2.354854854854855 2.0215535002686866e-06 3.34305663883874e-06
2.35985985985986 -6.457737419016749e-06 -1.0679203863779521e-05
2.364864864864865 2.519833869293104e-07 4.1670662415290354e-07
2.36986986986987 -8.13901280037062e-06 -1.3459540285618065e-05
2.374874874874875 -1.1052800425415008e-06 -1.8278090505625011e-06
2.37987987987988 -9.051493330147419e-06 -1.4968515483428917e-05
2.384884884884885 -1.5306611796495423e-06 -2.5312647020030416e-06
2.38988988988989 -9.33231830231093e-06 -1.5432917631262677e-05
2.394894894894895 -1.6927620573004985e-06 -2.7993320154232236e-06
2.3998998998999 -9.242673675982265e-06 -1.528467170910288e-05
2.404904904904905 -1.4533507630920995e-06 -2.403415945477537e-06
2.40990990990991 -9.100207834612136e-06 -1.5049074987789593e-05
2.414914914914915 -1.8070539374849494e-06 -2.9883372673434384e-06
2.41991991991992 -9.861229385834437e-06 -1.6307581452880247e-05
2.424924924924925 -2.7964960066286432e-06 -4.624584281024623e-06
2.42992992992993 -1.0706856185981456e-05 -1.7706000187465077e-05
2.434934934934935 -3.0263908972663697e-06 -5.004763010125963e-06
2.43993993993994 -1.0395818083790455e-05 -1.7191634382898018e-05
2.444944944944945 -2.4475467591405687e-06 -4.047524560449245e-06
2.44994994994995 -9.864819341657078e-06 -1.6313518186639815e-05
2.454954954954955 -2.1595390341876116e-06 -3.5712442456671343e-06
2.45995995995996 -9.578791586639118e-06 -1.5840512161923082e-05
2.464964964964965 -1.826453282643552e-06 -3.020418095197298e-06
2.46996996996997 -9.20295222629284e-06 -1.521898408074313e-05
2.474974974974975 -1.5605096371249624e-06 -2.5806252971988995e-06
2.47997997997998 -9.186263095163387e-06 -1.5191385151897858e-05
2.484984984984985 -1.943598253379567e-06 -3.2141415220451756e-06
2.48998998998999 -1.0280291072162578e-05 -1.700058658595899e-05
2.494994994994995 -3.6077470667307354e-06 -5.9661556230006186e-06
2.5 -1.2314517021104245e-05 -2.0364599738270697e-05
